-4.09748 -1.73537 -0.619689 0.240393 0.147318 -0.200411 -0.311629 0.309162 0.421931 -0.112139 
-2.07303 -0.70723 -0.162548 0.313159 0.61598 0.665154 0.86798 0.918875 0.939224 1.07119 
0.511013 1.39863 1.73205 1.97439 2.25088 2.23638 2.43348 2.64568 2.5215 2.62541 
2.61128 3.29813 3.87683 4.08497 4.35024 4.40454 4.45429 4.92998 4.4864 4.80656 
-4.28002 -3.61994 -3.22128 -2.90108 -2.74309 -2.51855 -2.39065 -2.37974 -2.51518 -2.42341 
-1.17055 -0.443086 -0.161557 0.00760226 0.180752 0.23975 0.344464 0.440925 0.45309 0.364516 
-0.791721 0.075665 0.390749 0.617987 0.829445 0.909859 1.06018 1.16163 1.19436 1.23126 
-2.25227 -1.11438 -0.686867 -0.322765 -0.0850171 -0.0094911 0.15473 0.168155 0.167527 0.208068 
-4.13515 -2.35822 -1.7523 -1.24962 -1.15001 -0.974071 -0.965664 -0.77419 -0.806601 -0.964287 
1.45437 2.26362 2.69208 2.89599 3.22302 3.19122 3.33774 3.65068 3.35744 3.5698 
-2.54717 -1.78986 -1.53002 -1.29215 -1.14193 -1.10562 -1.06384 -1.00931 -1.06998 -1.12448 
-1.72244 -1.07345 -0.824482 -0.651925 -0.508797 -0.480097 -0.412828 -0.34188 -0.386815 -0.488799 
-0.384213 0.579162 0.930288 1.22083 1.46379 1.52695 1.71911 1.84245 1.8473 1.95707 
-2.92812 -1.65592 -1.21521 -0.844017 -0.628457 -0.573032 -0.419372 -0.423699 -0.428718 -0.415327 
-3.66116 -2.68981 -2.3438 -1.9933 -1.84206 -1.67103 -1.60004 -1.55785 -1.59564 -1.64595 
